000060080002408300060000014800040600000000000001090007570000090006305400080020000
000700000100000000000430200000000006000509040000000700807000024000010003009004050
030000080200000600000050007000000000870030015000400200500200900008000003040007050
000089006000300400000007900000070010060000050030040000007500000008004000200630000
000060000000803000050040806840005090030000050090200034308070020000508000000010000
005000006070009020000500107804150000000803000000092805907006000030400010200000600
200003090008090600750000000000700005003060700400005000000000024004030800090400007
001000000000030080000000206300000700020010040007000001804000000060020000000000900
006000300000090000900004006000070010050800020010050000300400001000020000005000900
040000050001943600009000300600050002103000506800020007005000200002436700030000040
004000000000030002390700080400009001209801307600200008010008053900040000000000800
300000060080004000000300800000700000090020010000003000004008000000600020070000009
000010030400005000020000000000600500300040002008001000000000060000300007090000400
000100000300040050080006000000000600070030080004000000000800020060050007000004000
600090000050004030000500000001000050030080090040000300000006000080400010000070008
020030090000907000900208005004806500607000208003102900800605007000309000030020050
000003000050060000006000800030900000900040005000006020005000700000080010000300000
070900060000400050060050000300000080008030400040000005000070030010006000080005010
000000000000003085001020000000507000004000100090000000500000073002010000000040009
400000805030000000000700000020000060000080400000010000000603070500200000104000000
